subject           activity tBodyAccMeanX tBodyAccMeanY tBodyAccMeanZ tBodyAccStdX tBodyAccStdY tBodyAccStdZ
    1         1            WALKING     0.2773308  -0.017383819   -0.11114810 -0.283740259  0.114461337  -0.26002790
    2         1   WALKING_UPSTAIRS     0.2554617  -0.023953149   -0.09730200 -0.354708025 -0.002320265  -0.01947924
    3         1 WALKING_DOWNSTAIRS     0.2891883  -0.009918505   -0.10756619  0.030035338 -0.031935943  -0.23043421
    4         1            SITTING     0.2612376  -0.001308288   -0.10454418 -0.977229008 -0.922618642  -0.93958629
    5         1           STANDING     0.2789176  -0.016137590   -0.11060182 -0.995759902 -0.973190056  -0.97977588
    6         1             LAYING     0.2215982  -0.040513953   -0.11320355 -0.928056469 -0.836827406  -0.82606140
    7         2            WALKING     0.2764266  -0.018594920   -0.10550036 -0.423642838 -0.078091253  -0.42525752
    8         2   WALKING_UPSTAIRS     0.2471648  -0.021412113   -0.15251390 -0.304376406  0.108027280  -0.11212102
    9         2 WALKING_DOWNSTAIRS     0.2776153  -0.022661416   -0.11681294  0.046366681  0.262881789  -0.10283791
    10        2            SITTING     0.2770874  -0.015687994   -0.10921827 -0.986822280 -0.950704499  -0.95982817
    11        2           STANDING     0.2779115  -0.018420827   -0.10590854 -0.987271889 -0.957304989  -0.94974185
    12        2             LAYING     0.2813734  -0.018158740   -0.10724561 -0.974059465 -0.980277399  -0.98423330
    tGravityAccMeanX tGravityAccMeanY tGravityAccMeanZ tGravityAccStdX tGravityAccStdY tGravityAccStdZ tBodyAccJerkMeanX
    1          0.9352232     -0.282165021     -0.068102864      -0.9766096      -0.9713060      -0.9477172        0.07404163
    2          0.8933511     -0.362153364     -0.075402940      -0.9563670      -0.9528492      -0.9123794        0.10137273
    3          0.9318744     -0.266610339     -0.062119959      -0.9505598      -0.9370187      -0.8959397        0.05415532
    4          0.8315099      0.204411593      0.332043703      -0.9684571      -0.9355171      -0.9490409        0.07748252
    5          0.9429520     -0.272983832      0.013490582      -0.9937630      -0.9812260      -0.9763241        0.07537665
    6         -0.2488818      0.705549773      0.445817720      -0.8968300      -0.9077200      -0.8523663        0.08108653
    7          0.9130173     -0.346607090      0.084727087      -0.9726932      -0.9721169      -0.9720728        0.06180807
    8          0.7907174     -0.416214890     -0.195888239      -0.9344077      -0.9237675      -0.8780041        0.07445078
    9          0.8618313     -0.325780101     -0.043889016      -0.9403618      -0.9400685      -0.9314383        0.11004062
    10         0.9404773     -0.105630024      0.198726769      -0.9799888      -0.9567503      -0.9544159        0.07225644
    11         0.8969286     -0.370062697      0.129747161      -0.9866858      -0.9741944      -0.9459271        0.07475886
    12        -0.5097542      0.752536639      0.646834880      -0.9590144      -0.9882119      -0.9842304        0.08259725
    tBodyAccJerkMeanY tBodyAccJerkMeanZ tBodyAccJerkStdX tBodyAccJerkStdY tBodyAccJerkStdZ tBodyGyroMeanX tBodyGyroMeanY
    1        2.827211e-02     -4.168406e-03     -0.113615602      0.067002501      -0.50269979  -0.0418309635   -0.069530046
    2        1.948631e-02     -4.556254e-02     -0.446843888     -0.378274426      -0.70659353   0.0505493798   -0.166170015
    3        2.965045e-02     -1.097197e-02     -0.012283861     -0.101601391      -0.34573503  -0.0350781903   -0.090937129
    4       -6.191028e-04     -3.367792e-03     -0.986430711     -0.981371965      -0.98791080  -0.0453500565   -0.091924155
    5        7.975731e-03     -3.685250e-03     -0.994604542     -0.985648732      -0.99225118  -0.0239877348   -0.059397221
    6        3.838204e-03      1.083424e-02     -0.958482112     -0.924149274      -0.95485511  -0.0165530940   -0.064486124
    7        1.824927e-02      7.895337e-03     -0.277530463     -0.016602236      -0.58609042  -0.0530258157   -0.048238232
    8       -9.709855e-03      1.948144e-02     -0.276121886     -0.185648954      -0.57374635  -0.0576912635   -0.032088310
    9       -3.279591e-03     -2.093517e-02      0.147249143      0.126828015      -0.34012202  -0.1159473529   -0.004823292
    10       1.169545e-02      7.605469e-03     -0.988055854     -0.977983955      -0.98751821  -0.0454706620   -0.059928680
    11       1.032918e-02     -8.371588e-03     -0.981085716     -0.971059440      -0.98284145  -0.0238623876   -0.082039658
    12       1.225479e-02     -1.802649e-03     -0.985872169     -0.983172541      -0.98844201  -0.0184766067   -0.111800825
    tBodyGyroMeanZ tBodyGyroStdX tBodyGyroStdY tBodyGyroStdZ tBodyGyroJerkMeanX tBodyGyroJerkMeanY tBodyGyroJerkMeanZ
    1     0.0849448173    -0.4735355  -0.054607769   -0.34426663        -0.08999754        -0.03984287       -0.046130930
    2     0.0583595464    -0.5448711   0.004105184   -0.50716867        -0.12223277        -0.04214859       -0.040712553
    3     0.0900850142    -0.4580305  -0.126349195   -0.12470245        -0.07395920        -0.04399028       -0.027046106
    4     0.0629313812    -0.9772113  -0.966473895   -0.94142592        -0.09367938        -0.04021181       -0.046702627
    5     0.0748007510    -0.9871919  -0.987734440   -0.98064563        -0.09960921        -0.04406279       -0.048950547
    6     0.1486894363    -0.8735439  -0.951090440   -0.90828466        -0.10727095        -0.04151729       -0.074050121
    7     0.0828336633    -0.5615503  -0.538453668   -0.48108554        -0.08188334        -0.05382994       -0.051493916
    8     0.0688374022    -0.4392531  -0.466298337   -0.16399579        -0.08288580        -0.04240537       -0.044515748
    9     0.0971738089    -0.3207892  -0.415739145   -0.27941839        -0.05810385        -0.04214703       -0.071022982
    10    0.0412277462    -0.9857420  -0.978919527   -0.95980371        -0.09363284        -0.04156020       -0.043585097
    11    0.0878351695    -0.9729986  -0.971441996   -0.96485670        -0.10556216        -0.04224195       -0.054653948
    12    0.1448828461    -0.9882752  -0.982291609   -0.96030656        -0.10197413        -0.03585902       -0.070178302
    tBodyGyroJerkStdX tBodyGyroJerkStdY tBodyGyroJerkStdZ tBodyAccMagMean tBodyAccMagStd tGravityAccMagMean
    1         -0.20742185       -0.30446851      -0.404255453   -0.1369711766    -0.21968865      -0.1369711766
    2         -0.61478651       -0.60169666      -0.606332002   -0.1299276307    -0.32497093      -0.1299276307
    3         -0.48702734       -0.23882483      -0.268761480    0.0271882914     0.01988435       0.0271882914
    4         -0.99173159       -0.98951807      -0.987935806   -0.9485367862    -0.92707842      -0.9485367862
    5         -0.99294511       -0.99513792      -0.992108467   -0.9842782074    -0.98194293      -0.9842782074
    6         -0.91860852       -0.96790724      -0.957790160   -0.8419291525    -0.79514486      -0.8419291525
    7         -0.38954983       -0.63414044      -0.435492677   -0.2904075937    -0.42254417      -0.2904075937
    8         -0.46485436       -0.64549134      -0.467595961   -0.1073226795    -0.20597705      -0.1073226795
    9         -0.24394059       -0.46939670      -0.218266319    0.0899511205     0.21558633       0.0899511205
    10        -0.98970902       -0.99088961      -0.985542326   -0.9678936239    -0.95308144      -0.9678936239
    11        -0.97932400       -0.98344726      -0.973610118   -0.9658751813    -0.95787497      -0.9658751813
    12        -0.99323585       -0.98956754      -0.988035821   -0.9774354852    -0.97287391      -0.9774354852
    tGravityAccMagStd tBodyAccJerkMagMean tBodyAccJerkMagStd tBodyGyroMagMean tBodyGyroMagStd tBodyGyroJerkMagMean
    1         -0.21968865        -0.141428809        -0.07447175     -0.160979553     -0.18697836          -0.29870368
    2         -0.32497093        -0.466503446        -0.47899162     -0.126735590     -0.14861932          -0.59488287
    3          0.01988435        -0.089447481        -0.02578772     -0.075741254     -0.22572437          -0.29546384
    4         -0.92707842        -0.987364196        -0.98412002     -0.930892490     -0.93453184          -0.99197634
    5         -0.98194293        -0.992367791        -0.99309621     -0.976493793     -0.97869003          -0.99496679
    6         -0.79514486        -0.954396265        -0.92824563     -0.874759548     -0.81901017          -0.96346103
    7         -0.42254417        -0.281424154        -0.16415099     -0.446549093     -0.55301992          -0.54791195
    8         -0.20597705        -0.321268911        -0.21738939     -0.219713473     -0.37753217          -0.57281644
    9          0.21558633         0.005655163         0.22961719     -0.162188587     -0.27484411          -0.41087267
    10        -0.95308144        -0.986774713        -0.98447587     -0.946035087     -0.96131362          -0.99108149
    11        -0.95787497        -0.980489077        -0.97667528     -0.963466342     -0.95394338          -0.98395190
    12        -0.97287391        -0.987741696        -0.98551808     -0.950011570     -0.96116405          -0.99176707
    tBodyGyroJerkMagStd fBodyAccMeanX fBodyAccMeanY fBodyAccMeanZ fBodyAccStdX fBodyAccStdY fBodyAccStdZ fBodyAccMeanFreqX
    1           -0.32532488   -0.20279431   0.089712726   -0.33156012 -0.319134720  0.056040007  -0.27968675     -2.075484e-01
    2           -0.64855304   -0.40432178  -0.190976721   -0.43334970 -0.337428189  0.021769511   0.08595655     -4.187350e-01
    3           -0.30651065    0.03822918   0.001549908   -0.22557447  0.024330839 -0.112963740  -0.29792789     -3.073952e-01
    4           -0.98830873   -0.97964124  -0.944084550   -0.95918489 -0.976412313 -0.917275006  -0.93446956     -4.951360e-02
    5           -0.99473324   -0.99524993  -0.977070848   -0.98529710 -0.996028345 -0.972293102  -0.97793726      8.651536e-02
    6           -0.93584098   -0.93909905  -0.867065205   -0.88266688 -0.924437435 -0.833625556  -0.81289156     -1.587927e-01
    7           -0.55779815   -0.34604816  -0.021904810   -0.45380637 -0.457651384 -0.169219686  -0.45522215     -1.457955e-01
    8           -0.59729172   -0.26672093   0.009924459   -0.28100199 -0.320582414  0.084880279  -0.09454498     -2.817480e-01
    9           -0.34318788    0.11284116   0.278345042   -0.13129077  0.016104620  0.171973973  -0.16203289     -2.737116e-01
    10          -0.98959492   -0.98580384  -0.957343498   -0.97016217 -0.987362090 -0.950073754  -0.95686286      8.519282e-02
    11          -0.97720443   -0.98394674  -0.959871697   -0.96247120 -0.989056470 -0.957908842  -0.94643358      1.085192e-01
    12          -0.98971810   -0.97672506  -0.979800878   -0.98438098 -0.973246482 -0.981025106  -0.98479218     -1.464828e-01
    fBodyAccMeanFreqY fBodyAccMeanFreqZ fBodyAccJerkMeanX fBodyAccJerkMeanY fBodyAccJerkMeanZ fBodyAccJerkStdX
    1        0.1130936461      0.0497265196      -0.170546965      -0.035225524       -0.46899922     -0.133586606
    2       -0.1606972135     -0.5201147936      -0.479875246      -0.413444588       -0.68547435     -0.461907026
    3        0.0632200839      0.2943227008      -0.027663868      -0.128667158       -0.28833474     -0.086327897
    4        0.0759460769      0.2388298701      -0.986597023      -0.981579467       -0.98605309     -0.987492994
    5        0.1174789487      0.2448585858      -0.994630797      -0.985418705       -0.99075217     -0.995073759
    6        0.0975348416      0.0894376552      -0.957073884      -0.922462610       -0.94806090     -0.964160709
    7        0.1985864665      0.0688995208      -0.304615323      -0.078764084       -0.55495671     -0.314313063
    8       -0.0618894459     -0.2365890923      -0.258639440      -0.187842132       -0.52272806     -0.365415441
    9        0.0119309606      0.0903678547       0.138120681       0.096209161       -0.27149872      0.049959062
    10       0.1501939562      0.0960646760      -0.987848794      -0.977139703       -0.98512905     -0.989459107
    11       0.0623378067      0.1044624996      -0.980973242      -0.970851338       -0.97977515     -0.983007924
    12       0.2572894655      0.4025325534      -0.985813631      -0.982768250       -0.98619713     -0.987250256
    fBodyAccJerkStdY fBodyAccJerkStdZ fBodyAccJerkMeanFreqX fBodyAccJerkMeanFreqY fBodyAccJerkMeanFreqZ fBodyGyroMeanX
    1        0.106739857     -0.534713440           -0.20926197         -3.862371e-01          -0.185530281    -0.33903220
    2       -0.381777065     -0.726040201           -0.37702313         -5.094955e-01          -0.551104284    -0.49261167
    3       -0.134580009     -0.401721464           -0.25316434         -3.375897e-01           0.009372239    -0.35244963
    4       -0.982513910     -0.988339185            0.25661082          4.754378e-02           0.092392003    -0.97616146
    5       -0.987018227     -0.992349818            0.31418294          3.916190e-02           0.138581479    -0.98638679
    6       -0.932217870     -0.960586987            0.13241909          2.451362e-02           0.024387945    -0.85024917
    7       -0.015332952     -0.615898188           -0.07271016         -2.635740e-01          -0.254846439    -0.42971354
    8       -0.243554147     -0.625090981           -0.04911429         -2.876889e-01          -0.374218485    -0.33164358
    9        0.080833349     -0.408227423           -0.14389815         -3.575145e-01          -0.234703932    -0.14577597
    10      -0.980804228     -0.988570804            0.30554682          2.624486e-02           0.092903063    -0.98262139
    11      -0.973520241     -0.984599905            0.33144928         -5.693683e-02           0.039649818    -0.96703711
    12      -0.984987393     -0.989345369            0.15980833          1.212064e-01           0.190558218    -0.98643114
    fBodyGyroMeanY fBodyGyroMeanZ fBodyGyroStdX fBodyGyroStdY fBodyGyroStdZ fBodyGyroMeanFreqX fBodyGyroMeanFreqY
    1      -0.10305942    -0.25594094    -0.5166919   -0.03350816   -0.43656223        0.014784499       -0.065774619
    2      -0.31947461    -0.45359721    -0.5658925    0.15153891   -0.57170784       -0.187450248       -0.473574787
    3      -0.05570225    -0.03186943    -0.4954225   -0.18141473   -0.23844357       -0.100453729        0.082551149
    4      -0.97583859    -0.95131554    -0.9779042   -0.96234504   -0.94391784        0.189153021        0.063127067
    5      -0.98898446    -0.98077312    -0.9874971   -0.98710773   -0.98234533       -0.120293021       -0.044719198
    6      -0.95219149    -0.90930272    -0.8822965   -0.95123205   -0.91658251       -0.003546796       -0.091529131
    7      -0.55477211    -0.39665991    -0.6040530   -0.53304695   -0.55985664        0.007279680       -0.042700932
    8      -0.48808612    -0.24860112    -0.4763588   -0.45975849   -0.21807247       -0.115324434       -0.130357851
    9      -0.36191382    -0.08749447    -0.3794367   -0.45873275   -0.42298767       -0.037529802        0.077089456
    10     -0.98210092    -0.95981482    -0.9868085   -0.97735619   -0.96352266        0.130523121       -0.192142738
    11     -0.97257615    -0.96062770    -0.9749881   -0.97103605   -0.96975430       -0.107416045       -0.171160370
    12     -0.98332164    -0.96267189    -0.9888607   -0.98191062   -0.96317422        0.102611319        0.042280668
    fBodyGyroMeanFreqZ fBodyAccMagMean fBodyAccMagStd fBodyAccMagMeanFreq fBodyBodyAccJerkMagMean fBodyBodyAccJerkMagStd
    1         0.0007733216    -0.128623451  -0.3980325868        0.1906437244           -0.0571194000            -0.10349240
    2        -0.1333739043    -0.352395945  -0.4162601015       -0.0977433496           -0.4426521625            -0.53305985
    3        -0.0756762068     0.096584534  -0.1865303011        0.1191871428            0.0262184949            -0.10405226
    4        -0.0297839207    -0.947782923  -0.9284448017        0.2366550117           -0.9852621268            -0.98160618
    5         0.1006076351    -0.985356361  -0.9823138047        0.2845552908           -0.9925424775            -0.99253600
    6         0.0104581257    -0.861767648  -0.7983009404        0.0864085629           -0.9333003608            -0.92180398
    7         0.1397521153    -0.324289428  -0.5771052117        0.3932062083           -0.1690643528            -0.16409197
    8        -0.0773418117    -0.145318539  -0.3667282438        0.1076803952           -0.1895111369            -0.26042384
    9         0.1367749584     0.293424827  -0.0214787882        0.0938321298            0.2222474096             0.22748073
    10        0.0409472349    -0.961273748  -0.9555756022        0.1309342029           -0.9838746989            -0.98412419
    11        0.0002268106    -0.964052166  -0.9605193815        0.1196499639           -0.9770652956            -0.97516046
    12        0.0552985986    -0.975110196  -0.9751213879        0.2662982125           -0.9853741148            -0.98456849
    fBodyBodyAccJerkMagMeanFreq fBodyBodyGyroMagMean fBodyBodyGyroMagStd fBodyBodyGyroMagMeanFreq fBodyBodyGyroJerkMagMean
    1                  0.0938221807        -0.1992525690         -0.32101795             0.2688443675              -0.31930859
    2                  0.0853524092        -0.3259614574         -0.18298552            -0.2193033761              -0.63466508
    3                  0.0764915474        -0.1857202857         -0.39835039             0.3496138955              -0.28196336
    4                  0.3518522020        -0.9584355894         -0.93219837            -0.0002621867              -0.98979755
    5                  0.4222201023        -0.9846176234         -0.97846607            -0.0286057725              -0.99481538
    6                  0.2663911542        -0.8621901854         -0.82431944            -0.1397750127              -0.94236695
    7                  0.2075009267        -0.5307048147         -0.65179284             0.3052838253              -0.58324929
    8                 -0.0119168234        -0.4506121848         -0.43862040            -0.0227527690              -0.60079850
    9                  0.0188355111        -0.3208385436         -0.37257676             0.1039712417              -0.38017531
    10                 0.2800624240        -0.9718405961         -0.96138575            -0.1063589092              -0.98986195
    11                 0.3048718652        -0.9617759048         -0.95678873            -0.0661266046              -0.97784983
    12                 0.3417585745        -0.9721129727         -0.96109838             0.0185644722              -0.99024870
    fBodyBodyGyroJerkMagStd fBodyBodyGyroJerkMagMeanFreq
    1               -0.38160191                 0.1906634488
    2               -0.69393052                 0.1142773425
    3               -0.39191988                 0.1900007062
    4               -0.98704962                 0.1847759281
    5               -0.99467112                 0.3344987343
    6               -0.93266067                 0.1764859071
    7               -0.55810455                 0.1263446144
    8               -0.62182020                 0.0467433991
    9               -0.34369899                -0.0512479641
    10              -0.98963291                 0.1947221493
    11              -0.97775430                 0.1606628239
    12              -0.98949266                 0.2648015054